0.021118152886629105,
        0.033271051943302155,
        0.004482626914978027,
        0.005976835731416941,
        -0.00737143075093627,
        -0.030880317091941833,
        -0.02321004495024681,
        -0.07251893728971481,
        -0.03187645599246025,
        0.0001984496193472296,
        -0.06215909123420715,
        0.0019673751667141914,
        -0.02500309608876705,
        -0.0015564676141366363,
        -0.011355987749993801,
        -0.05857298895716667,
        0.006674133241176605,
        0.02550116553902626,
        -0.03187645599246025,
        -0.06853438168764114,
        -0.038450974971055984,
        0.029286494478583336,
        -0.01563938707113266,
        -0.017133595421910286,
        -0.031079545617103577,
        -0.07451121509075165,
        0.005453862715512514,
        -0.031079545617103577,
        -0.03825175017118454,
        0.022911204025149345,
        -0.03406796231865883,
        0.08048805594444275,
        0.0034615839831531048,
        -0.014643247239291668,
        -0.03785329312086105,
        0.0197235569357872,
        0.0010459462646394968,
        -0.034466419368982315,
        0.007620465476065874,
        -0.07371430844068527,
        -0.044228583574295044,
        -0.002565058646723628,
        -0.04343167319893837,
        -0.01852819137275219,
        0.004881082568317652,
        -0.08606643229722977,
        -0.036857154220342636,
        0.01215289905667305,
        0.022213906049728394,
        0.03366950899362564,
        0.11077068746089935,
        0.004582240711897612,
        -0.014344405382871628,
        0.12352126836776733,
        -0.022114291787147522,
        0.021018538624048233,
        0.012501548044383526,
        -0.0440293550491333,
        -0.04482626914978027,
        -0.00722200982272625,
        0.017631664872169495,
        -0.03167722746729851,
        0.016037842258810997,
        -0.08726180344820023,
        -0.022711975499987602,
        -0.007172202691435814,
        0.007869500666856766,
        0.04821314290165901,
        -0.023508887737989426,
        -0.01095753163099289,
        0.047217000275850296,
        -0.005155020859092474,
        0.14503787457942963,
        0.06136218085885048,
        -0.03606024011969566,
        0.08447261154651642,
        -0.028688810765743256,
        0.030880317091941833,
        0.041439395397901535,
        -0.029087267816066742,
        0.04482626914978027,
        -0.052994608879089355,
        -0.03745483607053757,
        -0.010907725431025028,
        -0.0034864875487983227,
        -0.06255754828453064,
        0.03366950899362564,
        -0.012949810363352299,
        0.012053285725414753,
        -0.08925408124923706,
        -0.0761050432920456,
        -0.03167722746729851,
        0.024006957188248634,
        0.04562317952513695,
        -0.005105213727802038,
        -0.030880317091941833,
        0.021616222336888313,
        0.07251893728971481,
        -0.0095131304115057,
        0.02261236123740673,
        -0.02440541237592697,
        0.009114674292504787,
        0.014045563526451588,
        -0.029884178191423416,
        -0.009015060029923916,
        -0.0334702804684639,
        -0.004681854508817196,
        0.03984557092189789,
        0.10598921775817871,
        0.00841737724840641,
        0.04622086137533188,
        -0.005404055584222078,
        -0.04323244467377663,
        0.01504170335829258,
        0.01304942462593317,
        0.054189976304769516,
        0.04980696365237236,
        -0.02321004495024681,
        0.08287879079580307,
        -0.019922785460948944,
        -0.009164481423795223,
        0.09244172275066376,
        0.01334826648235321,
        0.0013012068811804056,
        -0.02141699381172657,
        0.006524712312966585,
        -0.00537915201857686,
        -0.052994608879089355,
        -0.03546255826950073,
        -0.046619318425655365,
        -0.011605022475123405,
        0.02141699381172657,
        0.013547494076192379,
        0.024106571450829506,
        0.028688810765743256,
        0.02829035557806492,
        0.01793050765991211,
        -0.04124016687273979,
        -0.0017183402087539434,
        0.017233209684491158,
        -0.05080310255289078,
        -0.00767027260735631,
        0.041439395397901535,
        -0.005653090309351683,
        0.018627803772687912,
        0.013447879813611507,
        0.02380772866308689,
        0.035064101219177246,
        -0.031079545617103577,
        0.03765406459569931,
        0.01275058276951313,
        0.04821314290165901,
        0.023409273475408554,
        -0.06016681343317032,
        0.004681854508817196,
        0.03307182341814041,
        -0.05857298895716667,
        -0.026298077777028084,
        -0.02440541237592697,
        0.04462704062461853,
        -0.00707258889451623,
        0.04363090172410011,
        0.03825175017118454,
        0.012650968506932259,
        -0.044228583574295044,
        -0.019225487485527992,
        0.02091892436146736,
        0.021217767149209976,
        -0.04761545732617378,
        0.05976835638284683,
        -0.02609884925186634,
        -0.006972975097596645,
        -0.0486115962266922,
        0.038450974971055984,
        0.05658071115612984,
        -0.0757065862417221,
        0.07132357358932495,
        -0.05140078812837601,
        0.03127877414226532,
        0.049408506602048874,
        -0.04183784872293472,
        0.11316142231225967,
        0.049010053277015686,
        -0.054588433355093,
        -0.04642008990049362,
        0.02022162824869156,
        -0.009612743742763996,
        -0.0761050432920456,
        -0.004358109552413225,
        -0.06773746758699417,
        -0.07969114184379578,
        0.030481861904263496,
        -0.0972231924533844,
        0.045423950999975204,
        0.09802010655403137,
        0.006151160225272179,
        0.06853438168764114,
        -0.006574519444257021,
        -0.07849577814340591,
        -0.06176063418388367,
        0.002340927254408598,
        -0.005802511237561703,
        0.010359848849475384,
        0.0880587100982666,
        0.025899620726704597,
        0.06813592463731766,
        -0.01504170335829258,
        -0.06574518978595734,
        -0.012352126650512218,
        -0.013248652219772339,
        -0.03526332974433899,
        0.02191506326198578,
        -0.01733282394707203,
        0.0034117770846933126,
        -0.03147800266742706,
        0.014842474833130836,
        0.04681854695081711,
        0.005428959149867296,
        0.040841709822416306,
        -0.0761050432920456,
        0.015838613733649254,
        0.11475524306297302,
        -0.028091127052903175,
        0.04383012652397156,
        0.02550116553902626,
        0.002527703531086445,
        0.01683475449681282,
        0.0049308892339468,
        -0.03865020349621773,
        -0.04821314290165901,
        0.06136218085885048,
        -0.03665792569518089,
        0.042634762823581696,
        0.07052665948867798,
        0.08128496259450912,
        -0.04283398762345314,
        0.01474286150187254,
        0.054189976304769516,
        -0.006151160225272179,
        -0.008666411973536015,
        -0.018727418035268784,
        -0.07849577814340591,
        -0.028091127052903175,
        -0.041439395397901535,
        0.0848710685968399,
        -0.007919306866824627,
        0.046021632850170135,
        -0.024704253301024437,
        -0.023907342925667763,
        0.03466564789414406,
        0.18408653140068054,
        -0.025301937013864517,
        0.002577510429546237,
        -0.021217767149209976,
        0.03825175017118454,
        -0.04980696365237236,
        -0.034466419368982315,
        0.0197235569357872,
        -0.011754443868994713,
        -0.05080310255289078,
        -0.06733901798725128,
        0.01852819137275219,
        0.021217767149209976,
        0.07451121509075165,
        -0.013447879813611507,
        -0.018926646560430527,
        -0.023010816425085068,
        -0.05737762153148651,
        0.026497304439544678,
        0.012003478594124317,
        0.02191506326198578,
        0.03924788907170296,
        -0.015141316689550877,
        0.021118152886629105,
        0.0017307919915765524,
        -0.02321004495024681,
        -0.06614364683628082,
        -0.024106571450829506,
        -0.010708496905863285,
        -0.06813592463731766,
        0.02948572300374508,
        0.0334702804684639,
        -0.05777607858181,
        0.03865020349621773,
        0.07132357358932495,
        0.036857154220342636,
        -0.012003478594124317,
        0.06415136903524399,
        -0.023409273475408554,
        -0.09363709390163422,
        -0.016336685046553612,
        -0.0272942166775465,
        -0.019524330273270607,
        0.08128496259450912,
        -0.0052048275247216225,
        0.02609884925186634,
        0.06654210388660431,
        0.017033981159329414,
        0.05737762153148651,
        -0.047217000275850296,
        0.008317762985825539,
        -0.004856179002672434,
        -0.022213906049728394,
        -0.04383012652397156,
        0.005752704106271267,
        -0.005827414803206921,
        -0.025899620726704597,
        0.11555215716362,
        -0.030282633379101753,
        0.04821314290165901,
        -0.014543633908033371,
        -0.08526952564716339,
        -0.03865020349621773,
        0.0637529119849205,
        -0.07251893728971481,
        0.013846335932612419,
        0.05259615555405617,
        0.0018677611369639635,
        0.020620083436369896,
        0.04841236770153046,
        0.03147800266742706,
        -0.05897144600749016,
        -0.002863900503143668,
        0.01613745652139187,
        0.04183784872293472,
        -0.03187645599246025,
        -0.01683475449681282,
        0.04881082475185394,
        -0.01733282394707203,
        -0.0003735522332135588,
        0.007620465476065874,
        -0.009363709017634392,
        0.03406796231865883,
        0.008566797710955143,
        0.0440293550491333,
        -0.02480386756360531,
        0.03865020349621773,
        0.03366950899362564,
        0.04960773512721062,
        0.05219769850373268,
        0.06853438168764114,
        0.01095753163099289,
        0.050603874027729034,
        -0.035661786794662476,
        -0.039646342396736145,
        -0.08048805594444275,
        0.06415136903524399,
        -0.02151660807430744,
        -0.07490967214107513,
        0.06494828313589096,
        0.020022399723529816,
        -0.05259615555405617,
        -0.04044325649738312,
        -0.055385343730449677,
        0.05777607858181,
        0.0272942166775465,
        0.060565266758203506,
        0.00000875513069331646,
        0.0197235569357872,
        0.06096372380852699,
        0.06893283873796463,
        -0.0098617784678936,
        -0.01623707078397274,
        0.004881082568317652,
        0.11156760156154633,
        -0.0729173943400383,
        0.017631664872169495,
        0.05080310255289078,
        -0.059369899332523346,
        -0.02032124064862728,
        -0.07650350034236908,
        -0.020420854911208153,
        -0.033271051943302155,
        -0.08287879079580307,
        0.04920928180217743,
        0.03785329312086105,
        0.042634762823581696,
        0.0056779938749969006,
        0.002776738256216049,
        0.021815450862050056,
        -0.002191506326198578,
        -0.02829035557806492,
        0.008915446698665619,
        0.019823171198368073,
        0.008965253829956055,
        0.03606024011969566,
        0.0848710685968399,
        0.03924788907170296,
        0.040841709822416306,
        0.04223630577325821,
        -0.049010053277015686,
        0.01912587508559227,
        -0.08008959889411926,
        0.07251893728971481,
        -0.02550116553902626,
        0.03546255826950073,
        -0.01245174091309309,
        -0.019325101748108864,
        -0.012949810363352299,
        -0.06176063418388367,
        -0.04442781209945679,
        -0.021118152886629105,
        -0.02420618385076523,
        -0.029884178191423416,
        -0.008865639567375183,
        -0.01613745652139187,
        -0.029684949666261673,
        -0.0637529119849205,
        0.039048660546541214,
        -0.04044325649738312,
        -0.04622086137533188,
        -0.04243553429841995,
        -0.039048660546541214,
        -0.0334702804684639,
        0.030880317091941833,
        -0.023409273475408554,
        -0.0348648764193058,
        0.016934366896748543,
        -0.003536294447258115,
        0.02789190039038658,
        0.051799241453409195,
        0.0380525216460228,
        -0.023409273475408554,
        0.012850197032094002,
        -0.006200966890901327,
        -0.06096372380852699,
        -0.014344405382871628,
        -0.0053542484529316425,
        0.02032124064862728,
        -0.0011082049459218979,
        0.027692671865224838,
        0.008267955854535103,
        0.016436297446489334,
        -0.05379151925444603,
        -0.02032124064862728,
        -0.03526332974433899,
        -0.07849577814340591,
        -0.041439395397901535,
        -0.026298077777028084,
        0.021317381411790848,
        -0.036857154220342636,
        0.010907725431025028,
        0.021018538624048233,
        0.0018055024556815624,
        0.022811589762568474,
        -0.03924788907170296,
        -0.011007338762283325,
        0.024006957188248634,
        0.022313520312309265,
        0.06454982608556747,
        0.010608883574604988,
        0.05578380078077316,
        -0.018627803772687912,
        -0.07490967214107513,
        0.03127877414226532,
        0.007321623619645834,
        -0.0190262608230114,
        0.03147800266742706,
        0.028091127052903175,
        0.1490224301815033,
        0.05080310255289078,
        -0.06773746758699417,
        0.025301937013864517,
        -0.024006957188248634,
        -0.022213906049728394,
        -0.04363090172410011,
        -0.07490967214107513,
        0.054588433355093,
        -0.016535911709070206,
        0.03187645599246025,
        0.01045946218073368,
        -0.03745483607053757,
        0.09044944494962692,
        0.06654210388660431,
        0.02490348182618618,
        -0.08686334639787674,
        -0.040244027972221375,
        -0.05697916820645332,
        -0.042037077248096466,
        0.0348648764193058,
        0.0053542484529316425,
        -0.004507530014961958,
        0.02151660807430744,
        -0.05857298895716667,
        0.023010816425085068,
        0.022213906049728394,
        -0.004681854508817196,
        -0.011654829606413841,
        0.002552606863901019,
        -0.015539772808551788,
        -0.051799241453409195,
        -0.025700394064188004,
        0.020420854911208153,
        -0.018428577110171318,
        0.010260234586894512,
        0.0697297528386116,
        -0.026895759627223015,
        0.05857298895716667,
        0.002627317328006029,
        -0.013149038888514042,
        -0.12511509656906128,
        0.12272436171770096,
        -0.040841709822416306,
        -0.013547494076192379,
        -0.02440541237592697,
        -0.036857154220342636,
        0.03984557092189789,
        0.003934750333428383,
        0.03406796231865883,
        -0.06574518978595734,
        -0.01185405720025301,
        0.013846335932612419