0.02268577739596367,
        0.05437914654612541,
        0.07306154817342758,
        -0.02110110968351364,
        0.0697254091501236,
        -0.011843310669064522,
        0.07172708958387375,
        -0.008298657834529877,
        0.004441241733729839,
        -0.003190187504515052,
        -0.018849212676286697,
        0.03703119605779648,
        0.00025933305732905865,
        0.053711917251348495,
        -0.07239431887865067,
        0.004482943098992109,
        -0.002001686254516244,
        0.007965043187141418,
        -0.035363126546144485,
        0.04136818274855614,
        0.05070938542485237,
        -0.023019392043352127,
        -0.000562974251806736,
        0.009633115492761135,
        0.03919969126582146,
        0.003482100088149309,
        0.025187885388731956,
        0.004920812323689461,
        -0.05104300007224083,
        -0.005504637490957975,
        0.03669758141040802,
        0.0029608276672661304,
        -0.05504637211561203,
        -0.0018244537059217691,
        0.051710229367017746,
        0.02468746528029442,
        0.014595629647374153,
        -0.00825695600360632,
        -0.017848368734121323,
        0.02051728405058384,
        0.020767495036125183,
        -0.02452065795660019,
        0.06638926267623901,
        -0.00046132615534588695,
        0.12610623240470886,
        -0.006338673178106546,
        -0.03502951189875603,
        0.04703962802886963,
        -0.035696737468242645,
        -0.06372034549713135,
        0.03069252334535122,
        -0.04503794386982918,
        -0.02869083732366562,
        -0.026021922007203102,
        -0.033528245985507965,
        -0.03302782401442528,
        -0.006964200176298618,
        0.02819041535258293,
        -0.010675660334527493,
        0.09541371464729309,
        0.022852584719657898,
        -0.03836565464735031,
        -0.029524873942136765,
        -0.037364810705184937,
        -0.05337830260396004,
        -0.014262014999985695,
        0.025354692712426186,
        -0.002668915083631873,
        0.006922498345375061,
        0.015012647025287151,
        0.033695053309202194,
        0.08940865844488144,
        0.07272793352603912,
        0.09407925605773926,
        0.027856800705194473,
        -0.012844153679907322,
        -0.024020235985517502,
        0.048040471971035004,
        0.015012647025287151,
        0.01317776832729578,
        0.05471275746822357,
        0.016096893697977066,
        -0.05037577077746391,
        -0.030025294050574303,
        0.043703485280275345,
        0.033528245985507965,
        -0.14145250618457794,
        0.014011804014444351,
        0.015262858010828495,
        0.01818198338150978,
        -0.007881639525294304,
        -0.039700113236904144,
        -0.033695053309202194,
        0.048040471971035004,
        0.013511382974684238,
        -0.03703119605779648,
        0.033361438661813736,
        -0.041701797395944595,
        -0.06071781739592552,
        -0.06071781739592552,
        0.05271107330918312,
        0.033695053309202194,
        -0.08240275084972382,
        0.0400337278842926,
        0.00758972717449069,
        -0.043703485280275345,
        0.009591413661837578,
        -0.03085933066904545,
        -0.04537155479192734,
        -0.006380375009030104,
        0.003106784075498581,
        0.013844996690750122,
        0.007506323512643576,
        0.02435385063290596,
        0.026021922007203102,
        0.11743226647377014,
        0.007548025343567133,
        0.06905817985534668,
        0.014512225985527039,
        0.025354692712426186,
        -0.03502951189875603,
        -0.09207756817340851,
        0.0440370999276638,
        -0.07706492394208908,
        -0.03719800338149071,
        -0.03319463133811951,
        -0.10675660520792007,
        -0.12143563479185104,
        -0.0018661554204300046,
        0.043703485280275345,
        0.1514609307050705,
        -0.014845840632915497,
        0.08940865844488144,
        0.014679033309221268,
        0.027189573273062706,
        0.021184513345360756,
        0.04336987063288689,
        -0.0016993483295664191,
        0.049708545207977295,
        0.005963357165455818,
        0.05471275746822357,
        0.004065925255417824,
        0.03986692056059837,
        0.0060050589963793755,
        -0.018765809014439583,
        -0.004420390818268061,
        -0.006713989656418562,
        0.039366498589515686,
        0.05671444535255432,
        -0.07839938253164291,
        0.03302782401442528,
        0.002668915083631873,
        -0.06138504669070244,
        -0.07139347493648529,
        0.02235216461122036,
        -0.08940865844488144,
        0.01417861133813858,
        0.008673974312841892,
        -0.025521500036120415,
        0.03452908992767334,
        -0.011759907007217407,
        0.07472962141036987,
        0.03319463133811951,
        -0.002595936879515648,
        -0.004691452253609896,
        -0.008799079805612564,
        0.050042156130075455,
        0.03436228260397911,
        -0.0027731696609407663,
        -0.02126791700720787,
        -0.0348627045750618,
        0.035196319222450256,
        0.002877424005419016,
        -0.06638926267623901,
        -0.04470432922244072,
        0.04904131591320038,
        0.02852402999997139,
        -0.03035890869796276,
        -0.09274479746818542,
        0.03069252334535122,
        -0.011759907007217407,
        0.033528245985507965,
        0.004837408661842346,
        -0.12677346169948578,
        -0.017347948625683784,
        -0.06505480408668518,
        0.0220185499638319,
        0.05904974788427353,
        0.021017706021666527,
        0.04737324267625809,
        -0.03085933066904545,
        0.0028148714918643236,
        -0.02652234397828579,
        -0.0320269800722599,
        0.0038782672490924597,
        -0.05537998676300049,
        0.077732153236866,
        0.01025864202529192,
        0.027856800705194473,
        0.02852402999997139,
        -0.04737324267625809,
        -0.017848368734121323,
        0.030025294050574303,
        -0.014095207676291466,
        -0.05638083070516586,
        -0.021351320669054985,
        0.050042156130075455,
        0.014095207676291466,
        -0.006630585994571447,
        0.06705649197101593,
        -0.035863544791936874,
        -0.07906661182641983,
        -0.08140190690755844,
        0.043703485280275345,
        -0.018682405352592468,
        0.0640539601445198,
        -0.07105986773967743,
        0.09007588773965836,
        -0.049708545207977295,
        -0.036030352115631104,
        -0.006547182332724333,
        -0.04503794386982918,
        0.024020235985517502,
        -0.029191259294748306,
        0.027022765949368477,
        -0.021851742640137672,
        0.002919125836342573,
        0.04336987063288689,
        -0.09274479746818542,
        -0.0025229589082300663,
        0.00558804115280509,
        -0.031359750777482986,
        -0.01334457565099001,
        -0.05738167464733124,
        0.053711917251348495,
        0.031693365424871445,
        -0.006338673178106546,
        0.02618872933089733,
        -0.02452065795660019,
        0.0011624376056715846,
        -0.05070938542485237,
        -0.03669758141040802,
        -0.0016993483295664191,
        -0.039533305913209915,
        -0.041534990072250366,
        -0.014262014999985695,
        -0.015596472658216953,
        -0.056047216057777405,
        -0.016847526654601097,
        0.000860099564306438,
        0.013427979312837124,
        0.04270264133810997,
        0.004503794014453888,
        0.05304468795657158,
        0.013594786636531353,
        0.062052275985479355,
        0.028023608028888702,
        -0.0022206208668649197,
        -0.02218535728752613,
        0.03669758141040802,
        0.04737324267625809,
        0.008173552341759205,
        0.03286101669073105,
        -0.0068390946835279465,
        0.051710229367017746,
        -0.011259485967457294,
        0.042035412043333054,
        0.009299500845372677,
        -0.017681563273072243,
        -0.05871613323688507,
        0.05104300007224083,
        0.053711917251348495,
        0.013261171989142895,
        0.06905817985534668,
        0.021684935316443443,
        0.025855114683508873,
        0.004983365070074797,
        0.05504637211561203,
        -0.03452908992767334,
        -0.012093521654605865,
        -0.049708545207977295,
        0.01025864202529192,
        -0.04637239873409271,
        0.06739010661840439,
        0.06605564802885056,
        0.017848368734121323,
        -0.011342888697981834,
        -0.0007871214183978736,
        0.045705169439315796,
        -0.01417861133813858,
        -0.012427136301994324,
        0.02852402999997139,
        -0.01851559802889824,
        -0.023853428661823273,
        -0.005671444348990917,
        -0.01709773764014244,
        0.020934302359819412,
        0.05971697345376015,
        -0.06305311620235443,
        0.004962514154613018,
        -0.0220185499638319,
        -0.07239431887865067,
        0.11743226647377014,
        0.0657220333814621,
        0.03919969126582146,
        0.009799922816455364,
        -0.07172708958387375,
        0.02668915130198002,
        -0.015679875388741493,
        0.08940865844488144,
        -0.07973384112119675,
        -0.04136818274855614,
        0.05638083070516586,
        0.012427136301994324,
        0.022852584719657898,
        0.09341202676296234,
        0.0011832885211333632,
        0.020767495036125183,
        -0.04937493056058884,
        0.014095207676291466,
        -0.0737287774682045,
        -0.004899961408227682,
        0.09474648535251617,
        0.05037577077746391,
        0.029024451971054077,
        -0.000050172475312137976,
        -0.10875829309225082,
        -0.0026480641681700945,
        0.02668915130198002,
        0.07806576788425446,
        0.023353006690740585,
        0.02218535728752613,
        0.035863544791936874,
        -0.04103456810116768,
        0.07573046535253525,
        0.04904131591320038,
        0.001297968439757824,
        0.05971697345376015,
        -0.012844153679907322,
        -0.07172708958387375,
        -0.08040107041597366,
        0.0697254091501236,
        -0.01818198338150978,
        0.0004509006976149976,
        -0.07873299717903137,
        -0.04737324267625809,
        -0.1114272028207779,
        -0.019850056618452072,
        0.021518127992749214,
        -0.01726454496383667,
        0.12677346169948578,
        0.01117608230561018,
        0.05337830260396004,
        0.056047216057777405,
        -0.016847526654601097,
        -0.014262014999985695,
        -0.03669758141040802,
        0.009382904507219791,
        0.008382061496376991,
        0.03803203999996185,
        0.060050588101148605,
        -0.07072625309228897,
        0.0011467994190752506,
        -0.027022765949368477,
        0.004045074339956045,
        -0.04670601338148117,
        -0.0617186613380909,
        0.04236902669072151,
        0.03686438873410225,
        0.0019912607967853546,
        -0.028857644647359848,
        0.019933460280299187,
        0.08473805338144302,
        -0.04837408661842346,
        0.011676503345370293,
        0.05671444535255432,
        -0.03236059471964836,
        -0.0220185499638319,
        0.033528245985507965,
        0.00708930566906929,
        -0.007339516654610634,
        -0.025354692712426186,
        -0.06271950155496597,
        0.004441241733729839,
        0.037865232676267624,
        -0.014512225985527039,
        -0.019516441971063614,
        -0.06271950155496597,
        0.08073468506336212,
        -0.020600687712430954,
        0.009382904507219791,
        0.00854886882007122,
        -0.049708545207977295,
        -0.004378688987344503,
        -0.06839095056056976,
        0.021351320669054985,
        -0.07639769464731216,
        -0.013678189367055893,
        0.04470432922244072,
        -0.04703962802886963,
        0.02468746528029442,
        -0.04737324267625809,
        0.08073468506336212,
        -0.027523186057806015,
        0.05304468795657158,
        0.018849212676286697,
        0.02235216461122036,
        0.01417861133813858,
        0.07306154817342758,
        0.030192101374268532,
        -0.037531618028879166,
        0.060050588101148605,
        -0.09941709041595459,
        -0.024854272603988647,
        0.01726454496383667,
        -0.01334457565099001,
        -0.08273636549711227,
        0.077732153236866,
        0.015096050687134266,
        0.023519814014434814,
        -0.008632272481918335,
        0.021684935316443443,
        -0.03636396676301956,
        -0.02618872933089733,
        -0.04537155479192734,
        0.039700113236904144,
        -0.03452908992767334,
        0.015096050687134266,
        -0.0011832885211333632,
        -0.013761593028903008,
        -0.06939179450273514,
        -0.01651391200721264,
        -0.00708930566906929,
        0.023019392043352127,
        -0.021351320669054985,
        0.05471275746822357,
        0.05237745866179466,
        -0.05337830260396004,
        -0.025855114683508873,
        0.00044308160431683064,
        0.030192101374268532,
        0.052043844014406204,
        0.04437071457505226,
        0.005087619181722403,
        -0.004170179832726717,
        0.09474648535251617,
        0.002418704330921173,
        -0.006964200176298618,
        0.046038784086704254,
        -0.006672287825495005,
        0.01517945434898138,
        -0.07940022647380829,
        0.05137661471962929,
        0.015679875388741493,
        -0.03219378739595413,
        -0.029524873942136765,
        -0.04053414613008499,
        0.08407082408666611,
        0.00044308160431683064,
        -0.004503794014453888,
        -0.002512533450499177,
        -0.031359750777482986,
        -0.03386186063289642,
        0.0200168639421463,
        -0.016764122992753983,
        -0.10408768802881241,
        -0.004608048591762781,
        0.03803203999996185,
        -0.062052275985479355,
        -0.016597315669059753,
        0.04537155479192734,
        0.05070938542485237,
        -0.00477485591545701,
        -0.007673130836337805,
        -0.03236059471964836,
        0.01601349003612995,
        -0.031526558101177216,
        0.011676503345370293,
        0.06705649197101593,
        -0.024020235985517502,
        -0.0011520121479406953,
        0.010342045687139034,
        -0.013511382974684238,
        -0.031526558101177216,
        0.023353006690740585,
        0.0019495590822771192,
        -0.001266692066565156,
        0.015262858010828495,
        -0.02068409137427807,
        -0.024020235985517502,
        0.0017827518749982119,
        -0.005796549841761589,
        0.04336987063288689,
        -0.03819884732365608,
        -0.03269420936703682,
        0.02452065795660019,
        -0.03252740204334259,
        -0.025021078065037727,
        0.04036734253168106,
        -0.04737324267625809,
        0.06338673084974289,
        -0.0320269800722599,
        -0.06538841873407364,
        -0.008382061496376991,
        -0.03319463133811951,
        0.03052571602165699,
        -0.010342045687139034,
        0.0194330383092165,
        -0.05337830260396004,
        0.09874986112117767,
        0.0048791104927659035,
        0.025855114683508873