-0.08423778414726257,
        0.010611986741423607,
        -0.002365074586123228,
        0.00880219042301178,
        -0.012092728167772293,
        -0.018180225044488907,
        -0.029285792261362076,
        0.05067428946495056,
        0.0227047149091959,
        0.0151364766061306,
        -0.11780127137899399,
        -0.015630057081580162,
        0.033728018403053284,
        0.014642896130681038,
        -0.029450317844748497,
        -0.05363577604293823,
        0.02796957641839981,
        -0.06021685153245926,
        -0.021059446036815643,
        -0.001994888996705413,
        -0.01258630957454443,
        -0.003825250780209899,
        -0.041789837181568146,
        0.05363577604293823,
        0.00048586857155896723,
        0.026488834992051125,
        -0.028956737369298935,
        0.05363577604293823,
        -0.004257134161889553,
        0.025830727070569992,
        0.010200669057667255,
        0.0018097960855811834,
        -0.015959111973643303,
        0.006992394104599953,
        0.05133239924907684,
        -0.028298629447817802,
        -0.04310605302453041,
        -0.02747599594295025,
        -0.011434621177613735,
        -0.06745603680610657,
        -0.031260114163160324,
        -0.01809796132147312,
        0.024679038673639297,
        0.007321448065340519,
        0.02566619962453842,
        0.09345129132270813,
        0.03356349095702171,
        -0.009624824859201908,
        0.02566619962453842,
        -0.03438612446188927,
        -0.0302729532122612,
        0.04771280661225319,
        0.04771280661225319,
        -0.07897292077541351,
        0.031095588579773903,
        0.029450317844748497,
        0.008144082501530647,
        -0.03010842576622963,
        -0.05001618340611458,
        0.06021685153245926,
        0.020483601838350296,
        0.028956737369298935,
        0.005676178727298975,
        0.061533067375421524,
        -0.015547794289886951,
        0.0605459064245224,
        0.028627684339880943,
        0.009624824859201908,
        -0.05330672115087509,
        -0.016288165003061295,
        -0.051661454141139984,
        -0.019990021362900734,
        -0.024349983781576157,
        -0.0605459064245224,
        -0.002611864823848009,
        -0.06745603680610657,
        -0.014396105892956257,
        0.07272090017795563,
        0.024679038673639297,
        0.07765670865774155,
        0.046725645661354065,
        -0.06745603680610657,
        -0.008308609016239643,
        -0.00987161509692669,
        0.030766533687710762,
        0.0773276537656784,
        -0.005100334528833628,
        -0.04244794696569443,
        0.021882079541683197,
        0.05067428946495056,
        -0.05725536867976189,
        -0.009624824859201908,
        -0.0006683905958198011,
        -0.03800571709871292,
        0.07107562571763992,
        0.007856160402297974,
        0.08884453773498535,
        -0.008555400185286999,
        0.0510033443570137,
        0.013244417496025562,
        -0.016288165003061295,
        -0.06712698191404343,
        0.01743985339999199,
        0.03224727511405945,
        0.06712698191404343,
        -0.03060200624167919,
        -0.0019126253901049495,
        0.00347563112154603,
        -0.08160535246133804,
        0.046396590769290924,
        0.03817024454474449,
        -0.01242178212851286,
        -0.041954364627599716,
        0.03224727511405945,
        -0.0330699123442173,
        -0.008555400185286999,
        0.01990775763988495,
        -0.0014396104961633682,
        0.0031465773936361074,
        -0.026982415467500687,
        -0.008226346224546432,
        -0.007979555986821651,
        0.007115789223462343,
        0.0370185561478138,
        0.03323443606495857,
        0.023198295384645462,
        0.0302729532122612,
        -0.06383644789457321,
        -0.01793343387544155,
        -0.03800571709871292,
        -0.04080267623066902,
        0.01266857236623764,
        0.18032149970531464,
        0.013326680287718773,
        -0.04047362133860588,
        -0.004195436369627714,
        0.023198295384645462,
        -0.03948646038770676,
        0.002560450229793787,
        0.06581076979637146,
        0.0386638268828392,
        0.0549519918859005,
        -0.007239184342324734,
        -0.016864009201526642,
        -0.0908188596367836,
        -0.08950264751911163,
        -0.1171431690454483,
        -0.0033316700719296932,
        0.06877224892377853,
        -0.05297766998410225,
        0.009830483235418797,
        -0.017357589676976204,
        -0.005203163716942072,
        0.008596531115472317,
        -0.07666954398155212,
        -0.05528104677796364,
        -0.02500809170305729,
        0.04030909389257431,
        0.02533714473247528,
        -0.047054700553417206,
        0.005347124766558409,
        0.012257255613803864,
        0.01242178212851286,
        -0.003948646131902933,
        0.06581076979637146,
        0.023527350276708603,
        0.043764159083366394,
        0.011763675138354301,
        0.07469522207975388,
        -0.023527350276708603,
        -0.004113173112273216,
        0.011187830939888954,
        -0.02254018746316433,
        0.05133239924907684,
        -0.031260114163160324,
        0.03241180256009102,
        0.10661344230175018,
        -0.018262488767504692,
        -0.01011840533465147,
        -0.0046890173107385635,
        -0.058900635689496994,
        -0.07239184528589249,
        0.002056586556136608,
        0.027146941050887108,
        0.004236568231135607,
        -0.0017172497464343905,
        -0.0007815028657205403,
        0.07535333186388016,
        -0.013162153773009777,
        -0.006786735262721777,
        0.06975941359996796,
        0.014807422645390034,
        -0.0019023425411432981,
        0.015630057081580162,
        -0.06317833811044693,
        0.09410940110683441,
        -0.04837091267108917,
        0.026982415467500687,
        -0.002241679234430194,
        -0.04047362133860588,
        -0.031424641609191895,
        0.004257134161889553,
        0.05133239924907684,
        -0.04030909389257431,
        -0.006252022925764322,
        -0.06350739300251007,
        0.04310605302453041,
        0.10858776420354843,
        0.044422268867492676,
        -0.03438612446188927,
        -0.06778509169816971,
        -0.013162153773009777,
        -0.05528104677796364,
        -0.03323443606495857,
        0.028792211785912514,
        -0.046725645661354065,
        -0.06811414659023285,
        -0.022046606987714767,
        -0.09345129132270813,
        0.05988780036568642,
        0.03784119337797165,
        -0.006910130847245455,
        0.06284928321838379,
        -0.08226346224546432,
        -0.03257633000612259,
        0.011928201653063297,
        0.07272090017795563,
        -0.03767666593194008,
        0.003064313903450966,
        0.02796957641839981,
        0.03043748065829277,
        -0.01266857236623764,
        0.029285792261362076,
        -0.03849929943680763,
        -0.02303376793861389,
        0.0773276537656784,
        0.0302729532122612,
        -0.05001618340611458,
        -0.020154546946287155,
        -0.011187830939888954,
        0.07239184528589249,
        -0.02731146849691868,
        -0.11977560073137283,
        -0.025995252653956413,
        0.03471517935395241,
        0.03290538489818573,
        -0.07370805740356445,
        -0.023527350276708603,
        -0.005388256628066301,
        0.01406705193221569,
        -0.02780504897236824,
        0.07140468060970306,
        0.03603139519691467,
        -0.024185456335544586,
        -0.09213507175445557,
        -0.012915363535284996,
        -0.023856403306126595,
        -0.018756069242954254,
        -0.049029022455215454,
        -0.036360450088977814,
        -0.08325061947107315,
        -0.028956737369298935,
        -0.03487970679998398,
        0.0001786659559002146,
        0.002056586556136608,
        -0.025830727070569992,
        0.07272090017795563,
        0.03734761103987694,
        0.06284928321838379,
        -0.024020930752158165,
        0.010941039770841599,
        -0.04343510791659355,
        0.03010842576622963,
        -0.05363577604293823,
        0.013408944010734558,
        -0.023691875860095024,
        -0.025995252653956413,
        -0.02286924235522747,
        0.031918223947286606,
        -0.03784119337797165,
        -0.025995252653956413,
        -0.027146941050887108,
        -0.005635046865791082,
        -0.0868702158331871,
        -0.03224727511405945,
        0.05001618340611458,
        -0.008432004600763321,
        -0.08292156457901001,
        0.03849929943680763,
        -0.022211134433746338,
        -0.06120401248335838,
        -0.03339896351099014,
        -0.002046303590759635,
        0.0011722543276846409,
        0.08489589393138885,
        -0.029614845290780067,
        -0.03438612446188927,
        -0.07272090017795563,
        0.0302729532122612,
        0.0028792209923267365,
        -0.04508037492632866,
        0.043764159083366394,
        0.020730391144752502,
        0.04343510791659355,
        0.039321932941675186,
        -0.024679038673639297,
        0.04771280661225319,
        -0.006745603866875172,
        -0.051661454141139984,
        0.05791347473859787,
        0.0908188596367836,
        -0.044422268867492676,
        0.010488591156899929,
        0.004565622191876173,
        0.022211134433746338,
        0.06910130381584167,
        -0.010365195572376251,
        0.08357967436313629,
        0.01653495617210865,
        0.05561009794473648,
        0.06482360512018204,
        0.013573470525443554,
        -0.008719926699995995,
        0.03553781285881996,
        -0.03998004272580147,
        0.049358077347278595,
        0.06943035870790482,
        0.06120401248335838,
        0.00802068691700697,
        -0.06284928321838379,
        0.008555400185286999,
        -0.04606753587722778,
        -0.034221600741147995,
        -0.021223973482847214,
        -0.01604137383401394,
        0.005964100826531649,
        -0.11122019588947296,
        -0.04277699813246727,
        -0.0003136294544674456,
        -0.0025296013336628675,
        0.021388499066233635,
        0.043764159083366394,
        0.028792211785912514,
        0.0037635532207787037,
        -0.04096720367670059,
        -0.00695126224309206,
        0.039321932941675186,
        0.08028914034366608,
        0.002457620808854699,
        -0.021553026512265205,
        -0.02500809170305729,
        -0.06515266001224518,
        0.09739993512630463,
        -0.01390252448618412,
        0.0014601764269173145,
        -0.01406705193221569,
        0.012915363535284996,
        -0.012092728167772293,
        0.023691875860095024,
        0.03570234030485153,
        0.07304995507001877,
        0.044422268867492676,
        0.02286924235522747,
        -0.025830727070569992,
        0.013408944010734558,
        0.03520876169204712,
        -0.041460782289505005,
        0.022046606987714767,
        -0.002087435219436884,
        -0.03208274766802788,
        0.026159780099987984,
        0.0756823867559433,
        0.03734761103987694,
        0.0510033443570137,
        -0.02007228508591652,
        -0.12964721024036407,
        0.018180225044488907,
        -0.043764159083366394,
        -0.017686644569039345,
        0.02566619962453842,
        -0.047054700553417206,
        -0.05593915283679962,
        0.0007969272555783391,
        -0.026817888021469116,
        -0.02484356425702572,
        0.01266857236623764,
        0.026817888021469116,
        -0.002395923249423504,
        -0.02550167217850685,
        0.09805804491043091,
        0.03224727511405945,
        0.015547794289886951,
        -0.0010540005750954151,
        -0.02533714473247528,
        0.04310605302453041,
        -0.04869996756315231,
        -0.08028914034366608,
        0.01011840533465147,
        0.03455065190792084,
        0.03060200624167919,
        -0.04014457017183304,
        -0.04837091267108917,
        -0.06679792702198029,
        0.024514511227607727,
        -0.06317833811044693,
        -0.03290538489818573,
        -0.1171431690454483,
        0.00925463903695345,
        0.016452692449092865,
        0.02286924235522747,
        0.028298629447817802,
        -0.029450317844748497,
        -0.022211134433746338,
        -0.026159780099987984,
        0.011763675138354301,
        0.0302729532122612,
        0.043764159083366394,
        -0.009378034621477127,
        0.01990775763988495,
        0.0358668677508831,
        -0.011599147692322731,
        0.008390872739255428,
        0.016617218032479286,
        0.013573470525443554,
        0.03833477199077606,
        -0.007732765283435583,
        -0.0008380590006709099,
        0.026817888021469116,
        -0.01916738599538803,
        -0.006868998985737562,
        -0.033728018403053284,
        -0.036360450088977814,
        -0.010858776979148388,
        0.02484356425702572,
        0.029450317844748497,
        -0.03471517935395241,
        -0.0020771522540599108,
        0.10266479849815369,
        -0.017110800370573997,
        -0.031260114163160324,
        0.08226346224546432,
        0.016864009201526642,
        -0.03471517935395241,
        -0.006252022925764322,
        0.006910130847245455,
        -0.005511651746928692,
        -0.12306613475084305,
        -0.03487970679998398,
        0.06548171490430832,
        0.06482360512018204,
        0.005676178727298975,
        -0.16847556829452515,
        0.007156921084970236,
        -0.051661454141139984,
        0.06515266001224518,
        0.021223973482847214,
        -0.02254018746316433,
        0.0605459064245224,
        -0.015959111973643303,
        -0.06317833811044693,
        -0.013079890049993992,
        0.049029022455215454,
        0.0046890173107385635,
        0.017357589676976204,
        -0.011763675138354301,
        0.015630057081580162,
        -0.04047362133860588,
        -0.02254018746316433,
        0.0151364766061306,
        0.061533067375421524,
        0.04869996756315231,
        0.005964100826531649,
        -0.04030909389257431,
        0.001994888996705413,
        -0.004586187656968832,
        -0.05001618340611458,
        -0.05462293699383736,
        0.08259251713752747,
        -0.05791347473859787,
        0.03323443606495857,
        0.0003136294544674456,
        -0.05199050530791283,
        0.04573848471045494,
        0.025830727070569992,
        0.04475132375955582,
        -0.009542561136186123,
        -0.06910130381584167,
        0.09410940110683441,
        0.016781745478510857,
        0.039157405495643616,
        -0.0044627925381064415,
        -0.07634048908948898,
        -0.03323443606495857,
        0.0006992394337430596,
        -0.05199050530791283,
        0.007403711322695017,
        0.07864386588335037,
        -0.013737997971475124,
        -0.05330672115087509,
        0.01266857236623764,
        0.00409260718151927,
        -0.0193319134414196,
        -0.023691875860095024,
        -0.01990775763988495,
        0.05725536867976189,
        -0.026653360575437546,
        0.028463156893849373,
        -0.044093213975429535,
        -0.004030909389257431,
        0.03784119337797165,
        0.051661454141139984,
        -0.05626820772886276