-0.09698648005723953,
        -0.008769034408032894,
        -0.04101799800992012,
        -0.028559260070323944,
        -0.02117985300719738,
        -0.03890959545969963,
        -0.09698648005723953,
        -0.03411777317523956,
        -0.021754872053861618,
        -0.03450111672282219,
        0.0007846608641557395,
        -0.06210201233625412,
        -0.054051753133535385,
        -0.07973591983318329,
        0.0354594811797142,
        0.01408795639872551,
        -0.044851455837488174,
        -0.01686721295118332,
        -0.010446172207593918,
        0.054818443953990936,
        0.004600149113684893,
        0.014662975445389748,
        0.08241933584213257,
        0.007571078836917877,
        -0.03162602707743645,
        -0.03795123100280762,
        0.011404536664485931,
        0.015813013538718224,
        0.040634650737047195,
        -0.02817591279745102,
        0.0009523745975457132,
        -0.03929293900728226,
        -0.04600149020552635,
        -0.09123629331588745,
        -0.05021829530596733,
        -0.01303375605493784,
        -0.014279630035161972,
        -0.09391970932483673,
        -0.024438291788101196,
        -0.044084761291742325,
        0.025684166699647903,
        0.008481524884700775,
        0.003545948304235935,
        -0.01447130274027586,
        -0.0632520541548729,
        -0.010158662684261799,
        -0.007523160427808762,
        0.05290171504020691,
        0.03756788372993469,
        -0.06746885180473328,
        0.039867959916591644,
        -0.027025876566767693,
        0.062485359609127045,
        -0.009727398864924908,
        -0.04887658357620239,
        0.008673197589814663,
        -0.018208922818303108,
        -0.02760089561343193,
        0.019550634548068047,
        -0.10580343008041382,
        -0.08165264874696732,
        0.0724523514509201,
        -0.019454797729849815,
        0.0061814505606889725,
        0.0017490150639787316,
        0.03871792182326317,
        0.013992120511829853,
        -0.04293472692370415,
        0.011117027141153812,
        -0.05366840586066246,
        -0.022329891100525856,
        0.027217548340559006,
        0.05673517286777496,
        -0.0421680323779583,
        -0.04868490993976593,
        0.05366840586066246,
        -0.0018568310188129544,
        0.034884463995695114,
        0.05558513477444649,
        0.05366840586066246,
        0.018208922818303108,
        0.022329891100525856,
        -0.01830475963652134,
        -0.10350335389375687,
        0.08778618276119232,
        -0.10580343008041382,
        -0.0724523514509201,
        -0.08970291167497635,
        0.02894260548055172,
        -0.04140134155750275,
        -0.030475987121462822,
        0.04082632437348366,
        -0.04005963355302811,
        -0.06056863069534302,
        -0.049068257212638855,
        0.037759557366371155,
        0.06593547016382217,
        -0.06133532151579857,
        0.03622617572546005,
        -0.014662975445389748,
        0.03411777317523956,
        -0.10887019336223602,
        -0.017825577408075333,
        0.011117027141153812,
        0.021371526643633842,
        -0.06861889362335205,
        -0.018017251044511795,
        0.02194654569029808,
        -0.020604833960533142,
        -0.011835800483822823,
        0.07130230963230133,
        0.03526781126856804,
        0.02970929630100727,
        -0.01058992650359869,
        0.05366840586066246,
        -0.0027073794044554234,
        -0.053285062313079834,
        -0.037759557366371155,
        -0.03296773508191109,
        0.09660313278436661,
        -0.02836758643388748,
        -0.008194015361368656,
        0.021563198417425156,
        -0.05443509668111801,
        0.009391970932483673,
        0.0030188478995114565,
        -0.00565434992313385,
        -0.05711852014064789,
        0.00651687802746892,
        -0.00987115316092968,
        -0.07398573309183121,
        0.03603450208902359,
        0.015908848494291306,
        -0.04715152829885483,
        -0.054818443953990936,
        0.011452454142272472,
        -0.02472580224275589,
        0.0034740709234029055,
        0.01025449950248003,
        0.05596848204731941,
        0.035651154816150665,
        0.02606751210987568,
        0.05673517286777496,
        -0.10580343008041382,
        -0.031434353440999985,
        0.022138217464089394,
        0.07973591983318329,
        0.029900969937443733,
        -0.002899052342399955,
        0.0339260995388031,
        0.024150783196091652,
        0.009775317274034023,
        -0.012842083349823952,
        -0.009391970932483673,
        0.03756788372993469,
        0.034309446811676025,
        -0.07896922528743744,
        -0.015237993560731411,
        -0.03450111672282219,
        0.017921414226293564,
        -0.04025130346417427,
        0.017346395179629326,
        0.012458737008273602,
        0.013800447806715965,
        0.04427643492817879,
        0.013512938283383846,
        0.09813651442527771,
        -0.08203599601984024,
        -0.0828026831150055,
        -0.04159301519393921,
        0.036417845636606216,
        0.037759557366371155,
        0.020892344415187836,
        -0.006277286913245916,
        0.10196997225284576,
        -0.07973591983318329,
        0.09085294604301453,
        -0.0012458737473934889,
        -0.028559260070323944,
        0.019167287275195122,
        0.007906506769359112,
        -0.03526781126856804,
        -0.029134277254343033,
        -0.015046320855617523,
        -0.054818443953990936,
        -0.00041928442078642547,
        0.03795123100280762,
        0.08241933584213257,
        -0.05596848204731941,
        -0.01629219390451908,
        -0.01983814314007759,
        -0.10503673553466797,
        -0.03335108235478401,
        0.04504312574863434,
        0.04235970601439476,
        -0.005271004047244787,
        0.020317325368523598,
        0.05098498612642288,
        -0.0935363620519638,
        0.022425727918744087,
        -0.07475242018699646,
        0.02549249306321144,
        -0.024917474016547203,
        -0.0031626024283468723,
        -0.013512938283383846,
        -0.038334574550390244,
        0.00022162176901474595,
        -0.045618146657943726,
        -0.001221914659254253,
        0.027409221976995468,
        0.009104461409151554,
        -0.006229368504136801,
        -0.059801939874887466,
        -0.012362901121377945,
        0.018017251044511795,
        -0.013608774170279503,
        -0.013704610988497734,
        -0.00407304847612977,
        -0.030475987121462822,
        0.01629219390451908,
        -0.04791821911931038,
        -0.009008625522255898,
        0.058268554508686066,
        0.006612714380025864,
        0.05175167694687843,
        0.07666914910078049,
        -0.053285062313079834,
        -0.018208922818303108,
        -0.029134277254343033,
        0.07590246200561523,
        -0.02530081942677498,
        -0.048301566392183304,
        0.06976892799139023,
        -0.05788521096110344,
        0.04044297710061073,
        -0.05903524532914162,
        0.019550634548068047,
        0.04504312574863434,
        -0.0004132946487516165,
        -0.035651154816150665,
        -0.020700670778751373,
        -0.0022042382042855024,
        0.08203599601984024,
        -0.046193163841962814,
        -0.044851455837488174,
        -0.0709189623594284,
        0.06516877561807632,
        0.06401874125003815,
        0.0033542753662914038,
        0.02338409051299095,
        -0.07973591983318329,
        0.05558513477444649,
        0.07398573309183121,
        0.009008625522255898,
        0.004432435147464275,
        0.03680119290947914,
        0.05175167694687843,
        -0.021754872053861618,
        0.027409221976995468,
        0.10043659061193466,
        -0.049834948033094406,
        0.024246620014309883,
        -0.06708550453186035,
        -0.07283569127321243,
        -0.06555212289094925,
        -0.011164945550262928,
        0.027409221976995468,
        0.11040358245372772,
        -0.00852944329380989,
        -0.0874028354883194,
        -0.024342454969882965,
        -0.01274624653160572,
        -0.03910126909613609,
        -0.04140134155750275,
        0.009631562046706676,
        0.010637844912707806,
        -0.04025130346417427,
        -0.07896922528743744,
        -0.009679480455815792,
        0.00843360647559166,
        0.002359972335398197,
        -0.033542752265930176,
        0.06670216470956802,
        0.009391970932483673,
        -0.0010422213235870004,
        0.00953572615981102,
        0.027025876566767693,
        -0.02970929630100727,
        0.09315302222967148,
        0.04312639683485031,
        -0.012842083349823952,
        -0.031242679804563522,
        0.02194654569029808,
        -0.042743053287267685,
        0.04810989275574684,
        0.04887658357620239,
        -0.016579704359173775,
        -0.01763390563428402,
        0.01983814314007759,
        0.04945160448551178,
        -0.00579810468479991,
        0.027217548340559006,
        -0.07130230963230133,
        -0.04600149020552635,
        0.02530081942677498,
        -0.0437014177441597,
        0.015621339902281761,
        -0.022809073328971863,
        -0.05443509668111801,
        0.029325950890779495,
        0.041976362466812134,
        -0.05673517286777496,
        -0.0030308275017887354,
        0.05136833339929581,
        -0.016579704359173775,
        -0.016771376132965088,
        -0.0226173996925354,
        0.011021190322935581,
        -0.07206900417804718,
        0.07781919091939926,
        0.021467363461852074,
        0.01629219390451908,
        0.007714833598583937,
        -0.04810989275574684,
        0.032776061445474625,
        -0.0015573421260342002,
        -0.058268554508686066,
        -0.033542752265930176,
        -0.05213502421975136,
        -0.01830475963652134,
        -0.052518367767333984,
        0.025684166699647903,
        -0.037759557366371155,
        -0.015429667197167873,
        -0.004001171328127384,
        -0.03507613763213158,
        0.025684166699647903,
        0.026259183883666992,
        0.017442231997847557,
        -0.0000733747729100287,
        0.0663188174366951,
        -0.10733681172132492,
        -0.02472580224275589,
        0.04446810856461525,
        0.01753806881606579,
        -0.054818443953990936,
        0.015717176720499992,
        -0.04600149020552635,
        -0.03411777317523956,
        -0.062485359609127045,
        -0.010925354436039925,
        -0.018017251044511795,
        -0.032201044261455536,
        0.03737621009349823,
        -0.03315940871834755,
        0.02405494637787342,
        -0.030092641711235046,
        0.05098498612642288,
        0.015142157673835754,
        0.04945160448551178,
        -0.01274624653160572,
        -0.062485359609127045,
        -0.02472580224275589,
        -0.02319241873919964,
        -0.0007277579861693084,
        -0.0038334575947374105,
        0.01159620936959982,
        -0.06056863069534302,
        0.09813651442527771,
        -0.024917474016547203,
        -0.003138643456622958,
        0.05290171504020691,
        -0.014375465922057629,
        -0.02338409051299095,
        0.017346395179629326,
        -0.01830475963652134,
        0.03603450208902359,
        0.06976892799139023,
        0.026642531156539917,
        -0.032201044261455536,
        0.02683420293033123,
        0.01193163637071848,
        0.039867959916591644,
        0.016483867540955544,
        0.016100522130727768,
        0.03756788372993469,
        -0.02606751210987568,
        0.012937919236719608,
        0.031242679804563522,
        0.005247045308351517,
        0.03411777317523956,
        0.01097327284514904,
        0.02185070887207985,
        -0.018208922818303108,
        0.02127568982541561,
        -0.024917474016547203,
        -0.02970929630100727,
        0.03890959545969963,
        0.002431849716231227,
        -0.020029816776514053,
        0.024438291788101196,
        -0.0013536897022277117,
        -0.09736981987953186,
        0.05941859260201454,
        0.014758811332285404,
        0.02395910955965519,
        0.043318070471286774,
        -0.032201044261455536,
        -0.04082632437348366,
        -0.02683420293033123,
        -0.07935257256031036,
        -0.048301566392183304,
        0.022904908284544945,
        -0.006564795970916748,
        -0.04293472692370415,
        0.0047918218187987804,
        0.08165264874696732,
        0.03814290463924408,
        0.0632520541548729,
        0.041209667921066284,
        -0.03373442590236664,
        -0.004025130532681942,
        -0.08356937766075134,
        -0.044851455837488174,
        0.0023479927331209183,
        -0.023096581920981407,
        -0.011787882074713707,
        0.07283569127321243,
        0.053285062313079834,
        -0.006468959618359804,
        -0.002934990916401148,
        -0.12497071921825409,
        -0.053285062313079834,
        0.057501863688230515,
        -0.04005963355302811,
        0.00025756043032743037,
        -0.044851455837488174,
        -0.07705249637365341,
        0.017921414226293564,
        -0.003210520837455988,
        -0.08548610657453537,
        -0.05865190178155899,
        0.02530081942677498,
        -0.029900969937443733,
        0.0339260995388031,
        0.04868490993976593,
        -0.07628580927848816,
        0.07283569127321243,
        0.06976892799139023,
        -0.010350335389375687,
        0.04600149020552635,
        0.027217548340559006,
        0.007810669951140881,
        -0.00020514987409114838,
        -0.013129591941833496,
        0.0226173996925354,
        0.04293472692370415,
        -0.04600149020552635,
        0.019454797729849815,
        0.08088595420122147,
        0.06056863069534302,
        0.058268554508686066,
        -0.03929293900728226,
        -0.01964646950364113,
        -0.027217548340559006,
        -0.039867959916591644,
        -0.015237993560731411,
        -0.0069960602559149265,
        -0.015621339902281761,
        0.0013476999010890722,
        -0.02127568982541561,
        -0.004240762442350388,
        -0.01408795639872551,
        -0.04791821911931038,
        0.023575764149427414,
        0.02108401618897915,
        0.020604833960533142,
        0.02386327274143696,
        0.06708550453186035,
        -0.016388030722737312,
        -0.07551911473274231,
        -0.02041316218674183,
        0.0843360647559166,
        0.00493557658046484,
        0.04542647302150726,
        0.04542647302150726,
        0.00709189660847187,
        -0.023671600967645645,
        0.053285062313079834,
        0.06593547016382217,
        0.03181769698858261,
        -0.025875838473439217,
        0.046959854662418365,
        -0.0008625279879197478,
        -0.061718668788671494,
        -0.027025876566767693,
        0.025109147652983665,
        0.006421041674911976,
        -0.05175167694687843,
        -0.0663188174366951,
        -0.05443509668111801,
        0.03105100616812706,
        0.08931956440210342,
        0.013512938283383846,
        0.023096581920981407,
        -0.010925354436039925,
        0.08701948821544647,
        0.013896283693611622,
        0.03028431534767151,
        0.036417845636606216,
        -0.027409221976995468,
        -0.008721115998923779