-0.023370470851659775
-0.051117319613695145
0.013111862353980541
0.004832036327570677
0.0715329498052597
0.007898980751633644
0.042696401476860046
-0.04970845580101013
-0.03147200867533684
0.03790496289730072
-0.0502202995121479
-0.023893380537629128
-0.036246638745069504
-0.007830964401364326
0.01258376706391573
-0.02921929769217968
0.05269411578774452
-0.02583182603120804
-0.019691243767738342
0.06554035097360611
-0.026583494618535042
0.03994720056653023
0.011257079429924488
0.02720481902360916
-0.07249584794044495
0.019726715981960297
-0.013812858611345291
-0.02111961878836155
0.005274649243801832
-0.02543860860168934
-0.010994785465300083
-0.008715254254639149
0.06763917207717896
-0.04527110233902931
0.027231035754084587
0.05802493914961815
0.03380938619375229
-0.02844907157123089
-0.05718996375799179
-0.005650276783853769
-0.02118254266679287
-0.052491288632154465
0.014922630041837692
0.018140196800231934
-0.014860852621495724
0.011026941239833832
0.07205476611852646
0.021209415048360825
-0.006606105249375105
0.060799337923526764
0.013040642254054546
0.01373627595603466
-0.02462332881987095
-0.03836742043495178
-0.01817045919597149
0.03415661305189133
0.021087851375341415
0.006479708012193441
0.0403883270919323
0.03695176914334297
-0.08330531418323517
0.05026322230696678
0.036096684634685516
0.0527898445725441
-0.056929245591163635
-0.017593078315258026
0.009059385396540165
0.05296902358531952
0.016436422243714333
-0.04052572324872017
-0.055360689759254456
0.00813492015004158
-0.021804124116897583
-0.004605612717568874
-0.014571838080883026
-0.08455626666545868
0.02197386510670185
-0.046361781656742096
0.011407262645661831
0.0917157456278801
0.06974179297685623
-0.0933762788772583
0.02963704988360405
0.009280480444431305
0.03665289282798767
0.03909071534872055
-0.088715560734272
0.07309853285551071
-0.004783776123076677
0.03682645037770271
0.025568166747689247
-0.009260783903300762
-0.054260849952697754
0.01155658345669508
0.01830838993191719
-0.011476324871182442
0.048922646790742874
0.010476901195943356
0.030577465891838074
0.05731084570288658
-0.009456777945160866
0.03721978887915611
0.0024500738363713026
-0.014015612192451954
-0.01973831094801426
-0.032686132937669754
0.013224556110799313
-0.023359645158052444
-0.0164080411195755
0.02478603459894657
0.01679481379687786
-0.04428201913833618
0.03186279907822609
0.0667831301689148
-0.019597044214606285
-0.01764087751507759
-0.023986293002963066
0.032318346202373505
-0.007712837774306536
-0.0034201673697680235
-0.04934634640812874
0.004459577612578869
0.06212368234992027
0.06713839620351791
-0.03414304926991463
0.010472658090293407
-0.06783483177423477
-0.026726534590125084
0.0008584478637203574
-0.021349109709262848
-0.013385568745434284
0.030791765078902245
0.04630095511674881
-0.004762805532664061
-0.07927807420492172
-0.04029345139861107
0.05345272272825241
-0.05762576311826706
0.05010824650526047
0.059545401483774185
-0.03441056236624718
0.03189381584525108
0.04091287776827812
-0.017461037263274193
0.02324538677930832
0.04372717812657356
0.038499392569065094
0.08123962581157684
0.0804477110505104
0.049516040831804276
0.0664960965514183
0.0007399410242214799
-0.030592629685997963
0.008170255459845066
0.019327841699123383
-0.010045820847153664
-0.02533097006380558
0.0633571445941925
0.001627799472771585
-0.03766588866710663
0.0040685744024813175
0.0036784354597330093
-0.004134908318519592
0.007752985693514347
-0.04211769625544548
-0.009021306410431862
0.005976798478513956
0.0011498265666887164
-0.014050168916583061
0.0016602010000497103
0.005915221758186817
-0.08661830425262451
0.011417281813919544
-0.01385540422052145
-0.016538504511117935
0.053599610924720764
0.026452433317899704
-0.023061003535985947
-0.08110377192497253
-0.03847009688615799
0.09164538234472275
-0.08134240657091141
0.028343094512820244
-0.06553123146295547
0.018938690423965454
-0.009822497144341469
-0.030312130227684975
0.000336553028319031
0.0040397015400230885
0.0030564276967197657
-0.008030442520976067
0.023470014333724976
-0.0021200943738222122
-0.013573926873505116
0.013332639820873737
-0.042104411870241165
0.059686049818992615
-0.02629120834171772
-0.03451509028673172
-0.004630460869520903
-0.062127698212862015
0.07407303899526596
-0.022007495164871216
0.06687604635953903
0.011079802177846432
-0.006721422541886568
-0.06719452142715454
-0.04975077137351036
0.0020781559869647026
0.028361648321151733
0.026410045102238655
-0.06453660130500793
0.04794729873538017
0.016176627948880196
-0.0665908232331276
0.014654201455414295
-0.0636824369430542
0.051409848034381866
0.04730505496263504
-0.06480521708726883
-0.08422436565160751
-0.0160306915640831
-0.02880338579416275
0.011469575576484203
0.006401239428669214
0.09782549738883972
-0.03097444958984852
0.10905320197343826
-0.03356727585196495
0.019252466037869453
-0.03454836085438728
-0.07337646931409836
-0.05977855622768402
0.034174881875514984
0.017041662707924843
-0.06578753143548965
0.0793197900056839
-0.03312808647751808
0.03296709805727005
-0.04275066778063774
-0.030667832121253014
-0.021109946072101593
0.03699390962719917
-0.011338052339851856
-0.009878507815301418
-0.0529857873916626
-0.07508429139852524
0.013425586745142937
0.0007775630801916122
-0.024236148223280907
0.05866044759750366
0.07324842363595963
0.08093832433223724
-0.0740644559264183
-0.05637562647461891
-0.07564174383878708
-0.04726787284016609
0.06088341772556305
-0.09311366826295853
-0.04771210253238678
0.034802962094545364
0.018608590587973595
0.0004821092006750405
0.022418959066271782
-0.03095732256770134
-0.045659855008125305
0.04539142921566963
-0.003597503760829568
-0.027262918651103973
0.008951392956078053
-0.09104332327842712
-0.003084779717028141
-0.016497405245900154
-0.06041770800948143
0.017314456403255463
0.030301596969366074
-0.04182066395878792
-0.08628253638744354
0.04037804156541824
0.02590704709291458
-0.06315877288579941
-0.03629455715417862
-0.024808861315250397
-0.07193658500909805
-0.0236006248742342
-0.07594610750675201
-0.04226919636130333
-0.05765032768249512
-0.002665422623977065
-0.058049436658620834
-0.04667181521654129
-0.010920961387455463
0.05114438384771347
-0.021456968039274216
0.048633839935064316
-0.0073034316301345825
-0.0318743921816349
-0.013383638113737106
-0.02951328083872795
-0.014064843766391277
0.01781526207923889
-0.005818359088152647
-0.006297215353697538
-0.016445841640233994
-0.08368537575006485
-0.04158945754170418
-0.028908658772706985
-0.011509993113577366
-0.02705027163028717
-0.023908138275146484
0.027348550036549568
-0.03266601637005806
0.07049893587827682
0.09388146549463272
0.014974862337112427
0.004486601334065199
-0.020459793508052826
-0.01766408234834671
0.033084217458963394
-0.002089996822178364
0.013920475728809834
-0.06147340312600136
0.05100538581609726
0.07372061908245087
0.015739794820547104
-0.01047305203974247
-0.014411997981369495
-0.0662384107708931
0.05287892743945122
0.014866236597299576
-0.010992324911057949
0.10173612087965012
-0.016380149871110916
0.08094514906406403
0.001477464335039258
0.08172160387039185
-0.002798183588311076
0.044802475720644
0.06829775869846344
0.014232419431209564
0.004900983069092035
0.0202863197773695
-0.015717940405011177
0.06252814084291458
0.042474061250686646
-0.02350231446325779
-0.009663022123277187
-0.03243577480316162
0.04441385716199875
-0.024738457053899765
0.010171325877308846
-0.03708798810839653
-0.009944247081875801
0.0724097490310669
-0.002078855410218239
0.06467156857252121
-0.008656230755150318
-0.003688829019665718
0.09172330051660538
-0.07027561217546463
0.030014654621481895
-0.004059765487909317
0.0032748107332736254
0.03493192791938782
-0.07843885570764542
0.000999731128104031
-0.04672776907682419
0.0283049363642931
-0.04186901077628136
-0.04430592805147171
0.020795432850718498
-0.09633082896471024
-0.02507053315639496
0.024700118228793144
0.05171915143728256
0.07298493385314941
0.06882425397634506
0.051694151014089584
-0.00200798106379807
0.02671552635729313
0.04463430494070053
0.05380070209503174
-0.030097872018814087
-0.02440199814736843
-0.012550477869808674
0.06639449298381805
0.008836455643177032
0.08843294531106949
-0.03368411585688591
-0.021060707047581673
-0.022561755031347275
-0.0896916538476944
-0.05489956587553024
0.03441093862056732
-0.06902072578668594
0.15451137721538544
0.07388579845428467
0.06392478942871094
-0.03913918137550354
0.0045290798880159855
-0.026180017739534378
0.05213351175189018
-0.014825851656496525
0.015784362331032753
0.057099081575870514
-0.046592310070991516
-0.010067259892821312
-0.033891431987285614
-0.024062292650341988
0.09340517967939377
-0.042479224503040314
-9.234722529072315e-05
0.0675341933965683
-0.06756855547428131
0.00035158992977812886
0.010557383298873901
-0.05962805449962616
-0.059005722403526306
-0.01803315430879593
-0.0658518597483635
0.05612802878022194
0.0007906118407845497
0.04478809982538223
-0.02393125556409359
-0.05421317741274834
0.017665168270468712
-0.05234453082084656
-0.015453511849045753
-0.0889449268579483
-0.02471701242029667
0.03229832649230957
0.04835182800889015
0.04996965453028679
0.03340897709131241
0.03282836079597473
-0.05234018713235855
0.021803677082061768
-0.030052954331040382
-0.011636385694146156
-0.07015340775251389
-0.015316423028707504
-0.047919996082782745
0.0553123876452446
-0.0576452873647213
-0.0315345898270607
-0.0121170524507761
0.020897913724184036
-0.04368695616722107
-0.02454293705523014
0.012925464659929276
0.02122310735285282
-0.06732621788978577
-0.048272568732500076
-0.07604298740625381
0.033351242542266846
0.01253898348659277
-0.06959044933319092
0.02484222874045372
0.005019637756049633
0.08734411746263504
-0.021619966253638268
-0.00316752796061337
0.03056200034916401
0.05352337658405304
0.05094938352704048
-0.03857497498393059
0.0015197101747617126
0.06763775646686554
0.042471323162317276
0.005282066762447357
0.023671070113778114
0.05986268073320389
0.06905989348888397
-0.0229269340634346
-0.09285540878772736
0.05325249582529068
-0.012927001342177391
-0.018649281933903694
-0.04060005024075508
0.0650709941983223
-0.015446620061993599
-0.05807947367429733
0.031949594616889954
0.026878472417593002
-0.0025476617738604546
0.10624030232429504
0.08941735327243805
0.010527035221457481
-0.05811538174748421
-0.0227962713688612
0.0025683913845568895
-0.01374315470457077
0.026116780936717987
0.0004899319028481841
0.012420919723808765
0.041480958461761475
0.025180427357554436
0.011364558711647987
-0.006349477916955948
-0.03950534760951996
-0.061906203627586365
0.014182094484567642
0.05670483782887459
0.03309367969632149
0.018434656783938408
0.01335630752146244
-0.035039108246564865
-0.037304043769836426
0.001300530624575913
-0.07232349365949631
0.029524829238653183
-0.12015829980373383
