0.013154346495866776
-0.06973836570978165
0.008837477304041386
-0.005860518664121628
-0.048199672251939774
0.06136075034737587
0.024254603311419487
0.03944914788007736
-0.012786454521119595
0.023965517058968544
0.09269113838672638
-0.007477352395653725
-0.008691325783729553
-0.007938716560602188
0.08037389814853668
-0.04731918126344681
0.02226598933339119
0.04216130077838898
-0.027383191511034966
-0.03952917084097862
0.038965895771980286
0.11373978853225708
0.07767192274332047
-0.016077887266874313
0.045955557376146317
0.042629633098840714
0.06123904138803482
-0.01562580280005932
-0.004703549202531576
-0.019443245604634285
-0.026148414239287376
0.02613956108689308
0.04552188888192177
0.07953701168298721
0.04931227117776871
0.029361573979258537
0.060571372509002686
0.06291081756353378
0.0011206652270630002
-0.0428667888045311
0.0009623390506021678
-0.0911744087934494
0.003736533923074603
-0.004409362096339464
0.006584536284208298
-0.0448153018951416
0.011749513447284698
0.015736978501081467
-0.025064129382371902
0.03998216986656189
-0.03341418504714966
-0.06282158195972443
0.05106573924422264
0.047731753438711166
0.008233982138335705
-0.04622441157698631
0.053934719413518906
-0.00122684589587152
0.04543584585189819
0.06277721375226974
0.03218752145767212
-0.027644414454698563
-0.03561646491289139
-0.052899908274412155
0.013007127679884434
0.010653777047991753
-0.011212778277695179
0.062076251953840256
-0.009420900605618954
0.046473417431116104
0.023904066532850266
0.012079437263309956
-0.04632634297013283
0.006418247707188129
0.0346159003674984
-0.03859986737370491
0.12389647215604782
-0.03808804601430893
0.05186903476715088
0.04273441433906555
-0.09537488967180252
0.041250672191381454
0.023684345185756683
0.013527709990739822
0.07058089226484299
-0.004462015815079212
-0.09008253365755081
0.08340893685817719
0.04873368889093399
-0.05169946700334549
-0.02029498666524887
0.009126509539783001
-0.07462866604328156
0.05347823724150658
0.08478707820177078
0.010676765814423561
-0.012175744399428368
0.014546902850270271
0.031195316463708878
0.02666352316737175
0.025593295693397522
-0.05084490031003952
-0.048742279410362244
-0.07328832894563675
-0.04585855081677437
0.0016618309309706092
-0.004200443159788847
-0.06359805911779404
0.01982825994491577
-0.010799034498631954
-0.03817436844110489
0.025592822581529617
-0.03839913010597229
-0.07705415040254593
0.01588529720902443
-0.02266819216310978
-0.029771210625767708
0.0286632739007473
0.03694245219230652
-0.02913045883178711
-0.05806249752640724
-0.013058449141681194
0.0006688893190585077
0.03360053151845932
-0.0068792300298810005
0.013866937719285488
0.007374092470854521
0.009632306173443794
-0.1324695348739624
-0.019543301314115524
-0.05311769247055054
-0.013596922159194946
0.014014046639204025
-0.052644189447164536
0.03791844844818115
-0.05578562244772911
-0.0339297391474247
-0.09331828355789185
0.044588152319192886
0.08003382384777069
0.04214996099472046
0.043806008994579315
0.0002667139924596995
-0.032534874975681305
-0.012870852835476398
-0.05655018612742424
0.01077225897461176
0.037422869354486465
0.05003105103969574
-0.07473130524158478
0.0429023876786232
-0.027022043243050575
0.01576974429190159
0.04407750815153122
0.07902813702821732
-0.066419817507267
-0.06274476647377014
0.016209449619054794
0.051578275859355927
0.027260558679699898
-0.021636486053466797
-0.0003852688241750002
-0.031057095155119896
0.0015090345405042171
-0.03539733961224556
0.018692471086978912
0.008167277090251446
-0.020791664719581604
-0.028347043320536613
-0.04952539503574371
0.003455475438386202
-0.012522755190730095
0.030876822769641876
0.02868174947798252
-0.03702675923705101
-0.024506093934178352
0.025631187483668327
-0.007930390536785126
-0.021289918571710587
0.01288136001676321
0.0252750962972641
-0.0228315070271492
0.05499909445643425
-0.011002285405993462
-0.04336688295006752
-0.11400922387838364
0.05911976471543312
-0.02408416196703911
0.10863889008760452
0.007535461336374283
0.019167311489582062
-0.04610123112797737
-0.039753708988428116
-0.11462103575468063
0.12077000737190247
-0.0807228609919548
0.043243568390607834
0.04454353079199791
0.08185058832168579
0.020372001454234123
0.006238420959562063
0.02156272530555725
0.03608391433954239
0.01756676658987999
-0.007850158959627151
-0.007832709699869156
0.010600481182336807
0.0026977993547916412
0.01761990413069725
-0.022715548053383827
0.04302332550287247
-0.011307590641081333
0.002411613706499338
0.0034246675204485655
-0.029911069199442863
-0.011018401943147182
-0.03294634073972702
-0.03478251397609711
0.011098538525402546
-0.009475563652813435
0.018652228638529778
-0.009601515717804432
-0.08058561384677887
0.039603859186172485
-0.0014549433253705502
0.002056682016700506
-0.013857007026672363
0.02225848101079464
0.012402220629155636
0.007364558055996895
-0.06049518287181854
-0.06739681959152222
-0.004174768924713135
0.006652495823800564
-0.08536935597658157
0.028485670685768127
-0.013510928489267826
-0.013402764685451984
0.06141437590122223
-0.002993161790072918
0.027734916657209396
0.024958673864603043
0.04647984728217125
0.049864575266838074
0.030916430056095123
0.0008097324171103537
0.010834180749952793
-0.02212691865861416
-0.0027138337027281523
-0.04040022939443588
-0.04373975470662117
0.0027704222593456507
0.053456127643585205
-0.00798286683857441
-0.01243623998016119
0.004380718804895878
-0.01869100332260132
0.012211798690259457
0.07495403289794922
0.021676963195204735
-0.08480606228113174
0.12046660482883453
0.032852306962013245
-0.002044576918706298
0.11649305373430252
0.001981368288397789
-0.013908657245337963
0.021678319200873375
0.010878956876695156
0.04701124131679535
0.01991722173988819
0.008518664166331291
-0.05419473350048065
0.002660375088453293
-0.04514819383621216
-0.026411136612296104
-0.009708837606012821
-0.050293341279029846
0.08146828413009644
-0.009269411675632
0.05882218852639198
-0.003295975737273693
-0.028242487460374832
-0.060690853744745255
-0.05617203935980797
0.035221200436353683
0.0036957599222660065
0.041927482932806015
-0.08435210585594177
0.0001843328500399366
0.0169463399797678
-0.026230087503790855
-0.01557863038033247
-0.016050800681114197
-0.07301990687847137
0.059092890471220016
0.015844229608774185
-0.06776347756385803
-0.0029662353917956352
0.12895038723945618
0.007760510314255953
-0.010530072264373302
-0.05890057608485222
0.04431471973657608
-0.0022825777996331453
0.031024780124425888
-0.014722054824233055
0.02756158821284771
-0.015701809898018837
-0.006454258691519499
0.12131454050540924
-0.015287566930055618
0.007357351016253233
-0.0018311712192371488
0.0047663371078670025
0.045729272067546844
-0.031739477068185806
-0.06879076361656189
0.05164133757352829
-0.044928885996341705
0.02303200215101242
-0.006665314547717571
0.02503434754908085
-0.05048408359289169
-0.000383666658308357
-0.04222492128610611
-0.03500115126371384
-0.033052634447813034
0.042840465903282166
0.05691633000969887
-0.02280576154589653
0.01890876330435276
-0.006387542467564344
0.00781297218054533
-0.03993995487689972
0.0850573256611824
-0.020987316966056824
-0.048967696726322174
0.04614398628473282
-0.026201480999588966
9.81065459200181e-05
-0.02127271518111229
0.052230242639780045
-0.06200627237558365
0.059746358543634415
-0.035846661776304245
-0.018576718866825104
-0.00936198327690363
-0.020305003970861435
0.040785063058137894
-0.04778392240405083
-0.03999992460012436
0.03855102136731148
-0.039427921175956726
0.03700151666998863
0.003793630748987198
0.0655115470290184
-0.019706668332219124
-0.07914391160011292
-0.058509670197963715
0.030917145311832428
-0.036666497588157654
0.02602737583220005
-0.009886214509606361
0.0008288201061077416
0.07290389388799667
-0.002493862761184573
0.05079986900091171
-0.004130941350013018
0.03551071509718895
-0.04770062863826752
0.04926682636141777
-0.006238744594156742
-0.04560957849025726
0.09174986928701401
-0.030764389783143997
-0.0007012200076133013
0.021248629316687584
0.013786515220999718
0.027400590479373932
-0.07420695573091507
0.00571920583024621
-0.05563563108444214
-0.02184959687292576
0.059059761464595795
-0.0593482181429863
-0.041357509791851044
0.03044179268181324
0.024648195132613182
-0.008732015267014503
0.02669394761323929
-0.03938882052898407
-0.021664248779416084
0.026818005368113518
0.03647159785032272
-0.04050211235880852
0.032566651701927185
0.03480241820216179
0.03639235720038414
0.0007879359764046967
0.030953582376241684
-0.002766283927485347
-0.05069773644208908
0.05920341610908508
-0.04481722041964531
0.0287920031696558
-0.02492397278547287
-0.051955290138721466
-0.034650981426239014
0.05854475125670433
0.016436634585261345
-0.07626235485076904
0.02463563159108162
0.013023674488067627
0.0017134541412815452
0.03141418471932411
-0.07597894221544266
-0.03804727643728256
0.037061452865600586
0.030802713707089424
0.04800306633114815
0.0004195478686597198
0.09696093201637268
-0.06457997113466263
0.07486870884895325
0.0523548349738121
-0.03435919061303139
0.02256525121629238
0.003497439669445157
-0.027633829042315483
-0.01970037817955017
0.04453631862998009
-0.03255879878997803
-0.01638692431151867
-0.03166842833161354
0.011298374272882938
-0.043557051569223404
-0.03286926820874214
0.09064184874296188
0.04355955868959427
-0.02911190688610077
0.037247441709041595
-0.0315968357026577
-0.03111095353960991
-0.07190839946269989
0.07923229783773422
0.030802475288510323
-0.00853000208735466
0.016666624695062637
0.029709631577134132
0.009657309390604496
0.02044120989739895
-0.060904331505298615
-0.021918078884482384
0.0006962299812585115
-0.04587843269109726
0.06687289476394653
0.027778062969446182
-0.039889007806777954
-0.010969487018883228
-0.005090377293527126
-0.057745251804590225
0.021821318194270134
0.04138548672199249
0.015239749103784561
0.059467945247888565
-0.03002033941447735
0.14612537622451782
0.0033480965066701174
0.02347886934876442
0.019898001104593277
0.04609627649188042
-0.0861797109246254
0.044522106647491455
0.023537684231996536
-0.026948818936944008
0.03732536360621452
0.019550684839487076
-0.047913163900375366
-0.08369029313325882
0.06932815164327621
-0.10837531834840775
0.011287319473922253
-0.02116953209042549
-0.026315361261367798
-0.020234275609254837
-0.016739564016461372
0.008645202033221722
-0.015113331377506256
0.06077343225479126
0.023052141070365906
-0.035847119987010956
-0.04254544526338577
-0.02018979750573635
0.027860909700393677
-0.0842488706111908
0.04058414697647095
-0.040224138647317886
0.04334587976336479
0.07329188287258148
0.00505720404908061
-0.014605561271309853
0.01807698979973793
0.012015856802463531
0.017143545672297478
-0.07971011102199554
-0.08403266966342926
-0.0576741024851799
0.019475748762488365
0.049702730029821396
0.043890804052352905
-0.01793685555458069
